"","month","Day","Village","Dedication","Intervention","Trap","CDC.total.females.day.2","CDC.total.males.day.2","TOTAL.Sample.females.Day.2","TOTAL.Sample.males.Day.2","Sample.female.Anth..Day.2","Sample.male.Anth..Day.2","females.Anth..positive.Day.2","males.Anth..positive.Day.2","females.ASB.positive","males.ASB.positive","dyed_fraction","total_asb_positive","total_sampled","total_catch","days"
"1",12,20,"Balandougou","Con.","NO","CDC",25,0,22,0,12,0,2,0,10,0,0.454545454545455,10,22,25,350
"2",12,18,"Madina","Con.","NO","CDC",19,0,17,0,10,0,1,0,7,0,0.411764705882353,7,17,19,348
"3",12,24,"Korea","Con.","NO","CDC",42,1,40,1,25,1,2,1,15,0,0.375,15,40,42,354
"4",12,16,"Balala","Con.","NO","CDC",17,0,15,0,4,0,0,0,11,0,0.733333333333333,11,15,17,346
"5",12,22,"Cissebougou","Con.","NO","CDC",73,2,60,1,43,1,4,0,17,0,0.283333333333333,17,60,73,352
"6",12,14,"Nianguanabougou","Con.","NO","CDC",40,0,36,0,23,0,1,0,13,0,0.361111111111111,13,36,40,344
"7",12,26,"Trekrouba","Con.","NO","CDC",69,4,60,3,52,1,3,0,8,2,0.133333333333333,8,60,69,356
"8",11,17,"Balandougou","Con.","NO","CDC",34,2,30,1,19,0,2,0,11,1,0.366666666666667,11,30,34,317
"9",11,25,"Madina","Con.","NO","CDC",35,3,30,3,15,2,1,0,15,1,0.5,15,30,35,325
"10",11,23,"Korea","Con.","NO","CDC",94,4,50,4,30,2,4,0,20,2,0.4,20,50,94,323
"11",11,21,"Balala","Con.","NO","CDC",62,9,50,8,32,5,2,0,18,3,0.36,18,50,62,321
"12",11,12,"Cissebougou","Con.","NO","CDC",139,12,50,9,38,6,6,0,12,3,0.24,12,50,139,312
"13",11,15,"Nianguanabougou","Con.","NO","CDC",71,10,40,10,30,6,3,1,10,4,0.25,10,40,71,315
"14",11,19,"Trekrouba","Con.","NO","CDC",117,32,50,25,24,16,1,1,26,9,0.52,26,50,117,319
"15",10,15,"Balandougou","Con.","NO","CDC",252,32,50,30,39,20,8,5,11,10,0.22,11,50,252,285
"16",10,22,"Madina","Con.","NO","CDC",193,65,50,50,35,38,6,10,15,12,0.3,15,50,193,292
"17",10,24,"Korea","Con.","NO","CDC",165,43,50,40,40,26,11,6,10,14,0.2,10,50,165,294
"18",10,21,"Balala","Con.","NO","CDC",450,57,50,50,34,35,5,7,16,15,0.32,16,50,450,291
"19",10,16,"Cissebougou","Con.","NO","CDC",309,35,50,30,27,12,9,2,23,18,0.46,23,50,309,286
"20",10,19,"Nianguanabougou","Con.","NO","CDC",496,61,50,50,40,38,5,7,10,12,0.2,10,50,496,289
"21",10,17,"Trekrouba","Con.","NO","CDC",704,82,50,50,29,34,3,5,21,16,0.42,21,50,704,287
"22",9,15,"Balandougou","Con.","NO","CDC",390,174,50,50,36,40,6,4,14,10,0.28,14,50,390,255
"23",9,25,"Madina","Con.","NO","CDC",541,217,50,50,31,35,3,4,19,15,0.38,19,50,541,265
"24",9,19,"Korea","Con.","NO","CDC",136,56,50,50,28,31,9,5,22,19,0.44,22,50,136,259
"25",9,17,"Balala","Con.","NO","CDC",350,279,50,50,37,35,5,7,13,15,0.26,13,50,350,257
"26",9,23,"Cissebougou","Con.","NO","CDC",362,80,50,50,35,32,4,5,15,18,0.3,15,50,362,263
"27",9,21,"Nianguanabougou","Con.","NO","CDC",425,120,50,50,39,37,11,7,11,13,0.22,11,50,425,261
"28",9,27,"Trekrouba","Con.","NO","CDC",688,157,50,50,21,30,9,8,29,20,0.58,29,50,688,267
"29",8,22,"Balandougou","Con.","NO","CDC",442,132,50,50,40,37,13,9,10,13,0.2,10,50,442,232
"30",8,19,"Madina","Con.","NO","CDC",509,180,50,50,31,35,6,5,19,15,0.38,19,50,509,229
"31",8,16,"Korea","Con.","NO","CDC",248,91,50,50,29,26,5,5,21,24,0.42,21,50,248,226
"32",8,18,"Balala","Con.","NO","CDC",625,132,50,50,39,35,14,11,11,15,0.22,11,50,625,228
"33",8,13,"Cissebougou","Con.","NO","CDC",241,148,50,50,35,38,17,13,15,12,0.3,15,50,241,223
"34",8,15,"Nianguanabougou","Con.","NO","CDC",472,65,50,50,38,34,7,5,12,16,0.24,12,50,472,225
"35",8,25,"Trekrouba","Con.","NO","CDC",1102,458,50,50,41,37,14,8,9,13,0.18,9,50,1102,235
"36",7,16,"Balandougou","Con.","NO","CDC",53,67,42,50,27,33,8,6,15,17,0.357142857142857,15,42,53,196
"37",7,20,"Madina","Con.","NO","CDC",118,59,50,50,31,35,4,7,19,15,0.38,19,50,118,200
"38",7,22,"Korea","Con.","NO","CDC",49,50,31,45,23,32,5,5,8,13,0.258064516129032,8,31,49,202
"39",7,18,"Balala","Con.","NO","CDC",53,92,50,50,28,32,5,8,22,18,0.44,22,50,53,198
"40",7,11,"Cissebougou","Con.","NO","CDC",69,39,50,36,33,24,11,7,17,12,0.34,17,50,69,191
"41",7,9,"Nianguanabougou","Con.","NO","CDC",142,101,50,50,41,30,15,5,9,20,0.18,9,50,142,189
"42",7,13,"Trekrouba","Con.","NO","CDC",416,40,50,33,27,21,5,3,23,12,0.46,23,50,416,193
"43",6,20,"Balandougou","Con.","NO","CDC",5,0,5,0,3,0,0,0,2,0,0.4,2,5,5,170
"44",6,12,"Madina","Con.","NO","CDC",23,0,19,0,14,0,1,0,5,0,0.263157894736842,5,19,23,162
"45",6,16,"Korea","Con.","NO","CDC",6,0,6,0,5,0,0,0,1,0,0.166666666666667,1,6,6,166
"46",6,22,"Balala","Con.","NO","CDC",7,0,7,0,5,0,0,0,2,0,0.285714285714286,2,7,7,172
"47",6,14,"Cissebougou","Con.","NO","CDC",11,0,7,0,6,0,0,0,1,0,0.142857142857143,1,7,11,164
"48",6,18,"Nianguanabougou","Con.","NO","CDC",16,0,13,0,9,0,1,0,4,0,0.307692307692308,4,13,16,168
"49",6,10,"Trekrouba","Con.","NO","CDC",28,5,23,3,8,2,2,1,15,1,0.652173913043478,15,23,28,160
"50",5,20,"Balandougou","Con.","NO","CDC",10,0,6,0,4,0,0,0,2,0,0.333333333333333,2,6,10,140
"51",5,18,"Madina","Con.","NO","CDC",5,0,4,0,6,0,1,0,4,0,1,4,4,5,138
"52",5,14,"Korea","Con.","NO","CDC",4,0,4,0,2,0,0,0,2,0,0.5,2,4,4,134
"53",5,22,"Balala","Con.","NO","CDC",7,0,5,0,3,0,0,0,2,0,0.4,2,5,7,142
"54",5,9,"Cissebougou","Con.","NO","CDC",9,0,4,0,3,0,0,0,1,0,0.25,1,4,9,129
"55",5,12,"Nianguanabougou","Con.","NO","CDC",12,0,10,0,5,0,1,0,5,0,0.5,5,10,12,132
"56",5,16,"Trekrouba","Con.","NO","CDC",38,2,30,1,14,1,1,0,10,0,0.333333333333333,10,30,38,136
"57",4,9,"Balandougou","Con.","NO","CDC",14,0,9,0,5,0,0,0,4,0,0.444444444444444,4,9,14,99
"58",4,11,"Madina","Con.","NO","CDC",19,0,12,0,5,0,0,0,7,0,0.583333333333333,7,12,19,101
"59",4,13,"Korea","Con.","NO","CDC",10,0,8,0,5,0,1,0,3,0,0.375,3,8,10,103
"60",4,15,"Balala","Con.","NO","CDC",6,0,6,0,2,0,0,0,4,0,0.666666666666667,4,6,6,105
"61",4,17,"Cissebougou","Con.","NO","CDC",12,0,8,0,6,0,1,0,2,0,0.25,2,8,12,107
"62",4,19,"Nianguanabougou","Con.","NO","CDC",15,0,13,0,7,0,1,0,6,0,0.461538461538462,6,13,15,109
"63",4,21,"Trekrouba","Con.","NO","CDC",36,2,32,2,17,1,2,0,15,1,0.46875,15,32,36,111
